Batch: Transition(
  
  state=(
      tensor([[[[0., 1., 1., 1., 1., 0.],
          [1., 1., 1., 1., 1., 1.]],

         [[0., 0., 0., 0., 0., 0.],
          [0., 0., 0., 0., 0., 0.]],

         [[0., 0., 0., 0., 0., 0.],
          [0., 0., 0., 0., 0., 0.]],

         [[1., 0., 0., 0., 0., 0.],
          [0., 0., 0., 0., 0., 0.]],

         [[0., 0., 0., 0., 0., 1.],
          [0., 0., 0., 0., 0., 0.]],

         [[0., 0., 0., 0., 0., 0.],
          [0., 0., 0., 0., 0., 0.]]]], device='cuda:0'),
      tensor([[[[0., 0., 1., 1., 1., 0.],
          [1., 1., 1., 1., 1., 1.]],

         [[0., 0., 0., 0., 0., 0.],
          [0., 0., 0., 0., 0., 0.]],

         [[0., 1., 0., 0., 0., 0.],
          [0., 0., 0., 0., 0., 0.]],

         [[1., 0., 0., 0., 0., 0.],
          [0., 0., 0., 0., 0., 0.]],

         [[0., 0., 0., 0., 0., 1.],
          [0., 0., 0., 0., 0., 0.]],

         [[0., 0., 0., 0., 0., 0.],
          [0., 0., 0., 0., 0., 0.]]]], device='cuda:0')),

  action=(
      tensor([1], device='cuda:0'),
      tensor([1], device='cuda:0')),
  
  next_state=(
      tensor([[[[0., 0., 1., 1., 1., 0.],
          [1., 1., 1., 1., 1., 1.]],

         [[0., 0., 0., 0., 0., 0.],
          [0., 0., 0., 0., 0., 0.]],

         [[0., 1., 0., 0., 0., 0.],
          [0., 0., 0., 0., 0., 0.]],

         [[1., 0., 0., 0., 0., 0.],
          [0., 0., 0., 0., 0., 0.]],

         [[0., 0., 0., 0., 0., 1.],
          [0., 0., 0., 0., 0., 0.]],

         [[0., 0., 0., 0., 0., 0.],
          [0., 0., 0., 0., 0., 0.]]]], device='cuda:0'),
      tensor([[[[0., 0., 1., 1., 1., 0.],
          [1., 1., 1., 1., 1., 1.]],

         [[0., 0., 0., 0., 0., 0.],
          [0., 0., 0., 0., 0., 0.]],

         [[0., 1., 0., 0., 0., 0.],
          [0., 0., 0., 0., 0., 0.]],

         [[1., 0., 0., 0., 0., 0.],
          [0., 0., 0., 0., 0., 0.]],

         [[0., 0., 0., 0., 0., 1.],
          [0., 0., 0., 0., 0., 0.]],

         [[0., 0., 0., 0., 0., 0.],
          [0., 0., 0., 0., 0., 0.]]]], device='cuda:0')),
          
  reward=(
      tensor([2.], device='cuda:0', dtype=torch.float64),
      tensor([0.], device='cuda:0', dtype=torch.float64)))